020101003801202601
020101012701202601
020101012709202601
020101013501202601
020101013509202601
020101014301202601
020101014307202601
020101014309202601
020101016001202601
020101016009202601
020101020801202601
020101020809202601
020101024001202601
020101024007202601
020101024009202601
020101025901202601
020101026701202601
020101026707202601
020101026709202601
020101027503202601
020101027507202601
020101027509202601
020101030501202601
020101030507202601
020101030509202601
020101031301202601
020101031307202601
020101031309202601
020101032101202601
020101032107202601
020101032109202601
020101033001202601
020101033007202601
020101033009202601
020101040201202601
020101040207202601
020101040209202601
020101053401202601
020101053409202601
020101055001202601
020101055009202601
020904003301202601
020904003307202601
020904003309202601
020904005001202601
020904005007202601
020904005009202601
021105009101202601
021105010503202601
021105010507202601
021105010509202601
021105014801202601
030106001003202601
030106001007202601
030106007001202601
030106007003202601
030106007007202601
030106007009202601
030106008803202601
030109001703202601
030109001709202601
030109001713202601
030109002503202601
030109002509202601
030109002513202601
030116002303202601
030116002307202601
030301001003202601
030301001007202601
030301002903202601
030301002907202601
030301003703202601
030301003707202601
030301004503202601
030301004507202601
030301005303202601
030301005307202601
030301006103202601
030301006107202601
030301007003202601
030301007007202601
030301008803202601
030301008807202601
030301009603202601
030301009607202601
030301010003202601
030301010007202601
030301011803202601
030301011807202601
030301012603202601
030301012607202601
030301013403202601
030301013407202601
030301014203202601
030301014207202601
030301015003202601
030301015007202601
030301016903202601
030301016907202601
030301017703202601
030301017707202601
030301018503202601
030301018507202601
030301019303202601
030301019307202601
030301020703202601
030301020707202601
030301021503202601
030301021506202601
030301021507202601
030302003203202601
030302003207202601
030302004003202601
030302004007202601
030302005903202601
030302005907202601
030302006703202601
030302006707202601
030302007503202601
030302007507202601
030302008303202601
030302008307202601
030303001107202601
030303001111202601
030303002003202601
030303002007202601
030303003803202601
030303003807202601
030303004603202601
030303004607202601
030303005403202601
030303005407202601
030303006203202601
030303006207202601
030304001703202601
030304001707202601
030304002503202601
030304002507202601
030304003303202601
030304003307202601
030304004103202601
030304004107202601
030304005003202601
030304005007202601
030304006803202601
030304006807202601
030304007603202601
030304007607202601
030304008401202601
030304008403202601
030304008407202601
030304009201202601
030304009203202601
030304009207202601
030304010603202601
030304010607202601
030304011401202601
030304011403202601
030304011407202601
030304012201202601
030304012203202601
030304012207202601
030304013003202601
030304013007202601
030304014903202601
030304014907202601
030304015703202601
030304015707202601
030304016503202601
030304016507202601
030304017303202601
030304017307202601
030304018103202601
030304019003202601
030304019007202601
030304020303202601
030304020307202601
030304021103202601
030304021107202601
030304022003202601
030304022007202601
030304023803202601
030304023807202601
030304024603202601
030304024607202601
030304025403202601
030304025407202601
030304026203202601
030304026207202601
030304027003202601
030304027007202601
030304028903202601
030304029703202601
030304029707202601
030304030003202601
030305013603202601
030305013607202601
030305014403202601
030305014407202601
030306001803202601
030306001807202601
030306002603202601
030306002607202601
030306003403202601
030306003407202601
030306004203202601
030306004207202601
030306005003202601
030306005007202601
030306006903202601
030306006907202601
030306007703202601
030306007707202601
030306008503202601
030306008507202601
030306009303202601
030306009307202601
030306010703202601
030306010707202601
030306011503202601
030306011507202601
030306012303202601
030306012307202601
030306013103202601
030306013107202601
030306014003202601
030306014007202601
030306015803202601
030306015807202601
030306016603202601
030306016607202601
030306017403202601
030306017407202601
030306018203202601
030306018207202601
030306019003202601
030306019007202601
030306020403202601
030306020407202601
030306021203202601
030306021207202601
030306022001202601
030306022003202601
030306022007202601
030306023903202601
030306023907202601
030306024703202601
030306024707202601
030306025503202601
030306025507202601
030306026303202601
030306026307202601
030306027103202601
030306027107202601
030306028003202601
030306028007202601
030306029803202601
030306029807202601
030306030103202601
030306030107202601
030307006403202601
030307006407202601
030307007203202601
030307007207202601
030307008003202601
030307008007202601
030307009903202601
030307009907202601
030307010203202601
030307010207202601
030307011003202601
030307011007202601
030307012903202601
030307012907202601
030307013701202601
030308004303202601
030308004307202601
030308005103202601
030308005107202601
030308006003202601
030308006007202601
030308007803202601
030308007807202601
030308008603202601
030308008607202601
030308009403202601
030308009407202601
030309013803202601
030309013807202601
030309013809202601
030309019703202601
030309019707202601
030309019709202601
030309023503202601
030309023507202601
030309023509202601
030309031603202601
030309031607202601
030310001002202601
030310001003202601
030310001007202601
030310002802202601
030310002803202601
030310002807202601
030310003602202601
030310003603202601
030310003607202601
030310004402202601
030310004403202601
030310004407202601
030310005202202601
030310005203202601
030310005207202601
030311001503202601
030311001507202601
030311002303202601
030311002307202601
030311003103202601
030311003107202601
030311004003202601
030311004007202601
030311005803202601
030311005807202601
030311006603202601
030311006607202601
030311007403202601
030311007407202601
030311008203202601
030311008207202601
030311009003202601
030311009007202601
030311010403202601
030311010407202601
030311011203202601
030311011207202601
030313001604202601
030313002404202601
030313003204202601
030313004004202601
030313005904202601
030313006704202601
030313007504202601
030313008304202601
030314002003202601
030314002007202601
030314003803202601
030314003807202601
030314004603202601
030314004607202601
030314005403202601
030314005407202601
030314006203202601
030314006207202601
030314007003202601
030314007007202601
030314008903202601
030314008907202601
030314009703202601
030314009707202601
030314010003202601
030314010007202601
030314011903202601
030314011907202601
030314012703202601
030314012707202601
030314013503202601
030314013507202601
030314014303202601
030314014307202601
030314015103202601
030314015107202601
030315001703202601
030315001707202601
030315002503202601
030315002507202601
030315003303202601
030315003307202601
030315004103202601
030315004107202601
030315005003202601
030315005007202601
030315006803202601
030315006807202601
030316001207202601
030316002007202601
030316003907202601
030316004707202601
030316005507202601
030316006307202601
030316007107202601
030317009305202601
030317009307202601
030317010707202601
030317010714202601
030317013102202601
030317013103202601
030317013105202601
030317013107202601
030317013187202601
030317014002202601
030317014003202601
030317014005202601
030317014007202601
030317014087202601
030317015802202601
030317015803202601
030317015805202601
030317015807202601
030317015887202601
030317016602202601
030317016603202601
030317016605202601
030317016607202601
030317016687202601
030317017402202601
030317017403202601
030317017405202601
030317017407202601
030317017487202601
030317018202202601
030317018203202601
030317018205202601
030317018207202601
030317018287202601
030317019005202601
030317019007202601
030317020405202601
030317020407202601
030318001303202601
030318001307202601
030318003003202601
030318003007202601
030318004803202601
030318004807202601
030318005603202601
030318005607202601
030318006403202601
030318006407202601
030318007207202601
030318007210202601
030319001903202601
030319001907202601
030319001908202601
030401011103202601
030401011107202601
030401035903202601
030401035907202601
030401049903202601
030401049907202601
030401059603202601
030401059607202601
030408002003202601
030408002007202601
030408003903202601
030408003907202601
030408003909202601
030408004703202601
030408006303202601
030409001803202601
030409001807202601
030409002603202601
030409002607202601
030409003403202601
030409003407202601
030409004203202601
030409004207202601
030410001303202601
030410001307202601
030410001309202601
030410002103202601
030410002107202601
030501017403202601
030501017407202601
030502001303202601
030502001307202601
030502002103202601
030502002107202601
030502003003202601
030502003007202601
030502004803202601
030502004807202601
030502005603202601
030502005607202601
030701005801202601
030701005803202601
030701005807202601
030701005809202601
030702003701202601
030702003703202601
030702003707202601
030702003709202601
030702004501202601
030702004503202601
030702004507202601
030702004509202601
030702005301202601
030702005303202601
030702005307202601
030702005309202601
030702006101202601
030702006103202601
030702006107202601
030702006109202601
030702008801202601
030702008803202601
030702008807202601
030702008809202601
030702009601202601
030702009603202601
030702009607202601
030702009609202601
030702010001202601
030702010003202601
030702010007202601
030702010009202601
030702011801202601
030702011803202601
030702011807202601
030702011809202601
030703003201202601
030703003203202601
030703003207202601
030703003209202601
030704001101202601
030704001103202601
030704001107202601
030704001109202601
030704006201202601
030704006203202601
030704006207202601
030704006209202601
030704008901202601
030704008903202601
030704008907202601
030704008909202601
030801001901202601
030801001903202601
030801001907202601
030801002703202601
030801002707202601
030801003501202601
030801003503202601
030801003507202601
030801004301202601
030801004303202601
030801004307202601
030802002203202601
030802002207202601
030802003003202601
030802003007202601
030803001003202601
030803001007202601
030803002803202601
030803002807202601
030803003601202601
030803003603202601
030803003607202601
030803003683202601
030804001501202601
030804001503202601
030804001507202601
030804002303202601
030804002307202601
030901003901202601
030901003903202601
030901003907202601
030908001007202601
031001003901202601
031001003902202601
031001003903202601
031001004701202601
031001004702202601
031001004703202601
031001005502202601
040102001001202601
040102001007202601
040102001009202601
040102002901202601
040102002907202601
040102002909202601
040102003701202601
040102003707202601
040102003709202601
040102004501202601
040102004507202601
040102004509202601
040102005301202601
040102005307202601
040102005309202601
040102006101202601
040102006107202601
040102006109202601
040102007001202601
040102007007202601
040102007009202601
040102008801202601
040102008807202601
040102008809202601
040102009601202601
040102009607202601
040102009609202601
040102010001202601
040102010007202601
040102010009202601
040102011801202601
040102011807202601
040102011809202601
040102012601202601
040102012607202601
040102012609202601
040102013401202601
040102013409202601
040102014201202601
040102014207202601
040102014209202601
040102015001202601
040102015007202601
040102015009202601
040102016901202601
040102016907202601
040102016909202601
040201001901202601
040201001907202601
040201002701202601
040201002707202601
040201003501202601
040201003507202601
040201003509202601
040201004301202601
040201004307202601
040201004309202601
040201005101202601
040201005107202601
040202001401202601
040202001407202601
040202002201202601
040202002207202601
040301001201202601
040301001207202601
040301002001202601
040301002007202601
040301003901202601
040301003907202601
040301004701202601
040301004707202601
040301005501202601
040301005507202601
040301006301202601
040301006307202601
040301007101202601
040301007107202601
040301008001202601
040301008007202601
040301008009202601
040301009801202601
040301009807202601
040301010101202601
040301010107202601
040301011001202601
040301011007202601
040301012801202601
040301012807202601
040301013601202601
040301013607202601
040301014401202601
040301014407202601
040301015201202601
040301015207202601
040301016001202601
040301016007202601
040301017901202601
040301017907202601
040301018701202601
040301018707202601
040301019501202601
040301019507202601
040301020901202601
040301020907202601
040301021701202601
040301021707202601
040301022501202601
040301022507202601
040301023301202601
040301023307202601
040301024101202601
040301024107202601
040301025001202601
040301025007202601
040301026801202601
040301026807202601
040301027601202601
040301027607202601
040301028401202601
040301028407202601
040301029201202601
040301029207202601
040301030601202601
040301030607202601
040301031401202601
040301031407202601
040301032201202601
040301032207202601
040301033001202601
040301033007202601
040301034901202601
040301034907202601
040301035701202601
040301035707202601
040301036501202601
040301036507202601
040301039001202601
040301039003202601
040301039007202601
040302001801202601
040302001807202601
040302002601202601
040302002607202601
040302003401202601
040302003407202601
040302004201202601
040302004207202601
040302005001202601
040302005007202601
040302006901202601
040302006907202601
040302007701202601
040302007707202601
040302007709202601
040302008501202601
040302008507202601
040302008509202601
040302009301202601
040302009307202601
040302009309202601
040302010701202601
040302010707202601
040302011501202601
040302011507202601
040302012301202601
040302012307202601
040302012309202601
040302013101202601
040302013107202601
040303001301202601
040303001307202601
040303002101202601
040303002107202601
040303003001202601
040303003007202601
040303004801202601
040303004807202601
040303005601202601
040303005607202601
040303006401202601
040303006407202601
040303008001202601
040303008007202601
040303009901202601
040303009907202601
040303010201202601
040303010207202601
040303011001202601
040303011007202601
040303012901202601
040303012907202601
040303013701202601
040303013707202601
040303014501202601
040303014507202601
040303015301202601
040303015307202601
040303016101202601
040303016107202601
040304001901202601
040304001907202601
040304002701202601
040304002707202601
040304005101202601
040304005107202601
040304006001202601
040304006007202601
040304007801202601
040304007807202601
040304008601202601
040304008607202601
040304009401202601
040304009407202601
040304010801202601
040304010807202601
040304011601202601
040304011607202601
040304012401202601
040304012407202601
040305003001202601
040305003003202601
040305003007202601
040305004901202601
040305004907202601
040305005701202601
040305006501202601
040305006507202601
040305007301202601
040305007307202601
040305009001202601
040305009007202601
040305009009202601
040305010301202601
040305010307202601
040305010309202601
040305011101202601
040305011107202601
040305012001202601
040305012007202601
040305013801202601
040305013807202601
040305014601202601
040305014607202601
040305015401202601
040305015407202601
040305016201202601
040306001001202601
040306001007202601
040306002801202601
040306002807202601
040306003601202601
040306003607202601
040306004401202601
040306004407202601
040306005201202601
040306005207202601
040306006001202601
040306006007202601
040306007901202601
040306007907202601
040306008701202601
040306008707202601
040306009501202601
040306009507202601
040307001501202601
040307004001202601
040307004007202601
040307005801202601
040307005807202601
040307008201202601
040307009001202601
040307010401202601
040307011201202601
040307012001202601
040307013901202601
040307013907202601
040307014701202601
040307014707202601
040307015501202601
040307015507202601
040307016301202601
040307016307202601
040307017101202601
040308001001202601
040308002901202601
040308003701202601
040308004501202601
040308005301202601
040308005307202601
040308006101202601
040308007001202601
040308007007202601
040308008801202601
040308008807202601
040308009601202601
040308009607202601
040308010001202601
040401001601202601
040401001605202601
040401001609202601
040401002401202601
040401002407202601
040401002409202601
040401003201202601
040401003207202601
040401003209202601
040401004001202601
040401004007202601
040401004009202601
040401005901202601
040401005907202601
040401005909202601
040401006701202601
040401006707202601
040401006709202601
040401008301202601
040401008307202601
040401008309202601
040401010501202601
040401010507202601
040401010509202601
040401011301202601
040401011307202601
040401011309202601
040401012101202601
040401012107202601
040401012109202601
040401013001202601
040401013007202601
040401013009202601
040401014801202601
040401014807202601
040401014809202601
040401016401202601
040401016407202601
040401016409202601
040401017201202601
040401017207202601
040401018001202601
040401018007202601
040401019901202601
040401019907202601
040401020201202601
040401020207202601
040401021001202601
040401021007202601
040401021009202601
040401022901202601
040401022907202601
040401022909202601
040401023701202601
040401023707202601
040401023709202601
040401028801202601
040401028807202601
040401028809202601
040401031801202601
040401031807202601
040401031809202601
040401032601202601
040401032607202601
040401032609202601
040401033401202601
040401033407202601
040401033409202601
040401035001202601
040401035007202601
040401035009202601
040401037701202601
040401037707202601
040401037709202601
040401038501202601
040401038507202601
040401038509202601
040401040701202601
040401040707202601
040401040709202601
040401041501202601
040401041507202601
040401041509202601
040401043101202601
040401043107202601
040401045801202601
040401045807202601
040401046601202601
040401046607202601
040401046609202601
040401047401202601
040401047407202601
040401047409202601
040401048201202601
040401048207202601
040401048209202601
040401049001202601
040401049007202601
040401049009202601
040401050401202601
040401050407202601
040401050409202601
040401051201202601
040401051207202601
040401051209202601
040401052001202601
040401052007202601
040401052009202601
040401053901202601
040401053907202601
040401053909202601
040401054701202601
040401054707202601
040401055501202601
040401055507202601
040401055509202601
040401056301202601
040401056309202601
040401057101202601
040401057107202601
040401058001202601
040401058007202601
040401059801202601
040401059807202601
040401060101202601
040401060107202601
040401061001202601
040401061007202601
040401062801202601
040401062807202601
040401063601202601
040401063607202601
040401064401202601
040401064407202601
040401065201202601
040401065207202601
040402001101202601
040402001107202601
040402001109202601
040402003801202601
040402003807202601
040402003809202601
040402004601202601
040402004607202601
040402004609202601
040402006201202601
040402006207202601
040402007001202601
040402007007202601
040402007009202601
040402008901202601
040402008907202601
040402008909202601
040402010001202601
040402010003202601
040402010007202601
040402010009202601
040402011901202601
040402011907202601
040402011909202601
040402013501202601
040402013507202601
040402014301202601
040402014307202601
040402014309202601
040402017801202601
040402017807202601
040402020801202601
040402020807202601
040402020809202601
040402022401202601
040402022407202601
040402023201202601
040402023207202601
040402023209202601
040402024001202601
040402024007202601
040402024009202601
040402027501202601
040402027507202601
040402029101202601
040402029107202601
040402031301202601
040402031307202601
040402031309202601
040402032101202601
040402032107202601
040402032109202601
040402034801202601
040402034807202601
040402034809202601
040402035601202601
040402035607202601
040402035609202601
040402038001202601
040402038007202601
040402039901202601
040402039907202601
040402039909202601
040402042901202601
040402042907202601
040402042909202601
040402045301202601
040402045307202601
040402045309202601
040402046101202601
040402046107202601
040402046109202601
040402047001202601
040402047007202601
040402047009202601
040402048801202601
040402048807202601
040402048809202601
040402049601202601
040402049607202601
040402050001202601
040402050007202601
040402051801202601
040402051807202601
040402051809202601
040402052601202601
040402052607202601
040402053401202601
040402053407202601
040402054201202601
040402054207202601
040402054209202601
040402055001202601
040402055007202601
040402056901202601
040402056907202601
040402056909202601
040402057701202601
040402057707202601
040402057709202601
040402058501202601
040402058507202601
040402059301202601
040402059307202601
040402060701202601
040402060707202601
040402064001202601
040402064007202601
040402064009202601
040402065801202601
040402065807202601
040402065809202601
040402066601202601
040402066607202601
040402066609202601
040402069001202601
040402069007202601
040402070401202601
040402070407202601
040402071201202601
040402071207202601
040402071209202601
040402072001202601
040402072007202601
040402073901202601
040402073907202601
040402077101202601
040402077107202601
040402077109202601
040402078001202601
040402078007202601
040402079801202601
040402079807202601
040402079809202601
040403001701202601
040403001707202601
040403001709202601
040403003301202601
040403003307202601
040403004101202601
040403004107202601
040403004109202601
040403005001202601
040403005007202601
040403005009202601
040403006801202601
040403006807202601
040403006809202601
040403007601202601
040403007607202601
040403007609202601
040403008401202601
040403008407202601
040403008409202601
040403010601202601
040403010607202601
040403010609202601
040403012201202601
040403012207202601
040403012209202601
040403013001202601
040403013007202601
040403013009202601
040403015701202601
040403015707202601
040403015709202601
040403016501202601
040403016507202601
040403016509202601
040403017301202601
040403017307202601
040403017309202601
040403019001202601
040403019007202601
040403019009202601
040403022001202601
040403022007202601
040403022009202601
040403024601202601
040403024607202601
040403024609202601
040403025401202601
040403025407202601
040403025409202601
040403026201202601
040403026207202601
040403026209202601
040403027001202601
040403027007202601
040403027009202601
040403028901202601
040403028907202601
040403029701202601
040403029707202601
040403030001202601
040403030007202601
040403031901202601
040403031907202601
040403031909202601
040403032701202601
040403032707202601
040501001001202601
040501001007202601
040501001009202601
040501002801202601
040501002807202601
040501002809202601
040501003601202601
040501003607202601
040501003609202601
040501007901202601
040501007907202601
040501007909202601
040501008701202601
040501008707202601
040501008709202601
040501011701202601
040501011707202601
040501011709202601
040501012501202601
040501012507202601
040501012509202601
040501013301202601
040501013307202601
040501013309202601
040501015001202601
040501015007202601
040501015009202601
040501017601202601
040501017607202601
040501017609202601
040502001501202601
040502001507202601
040502001509202601
040502002301202601
040502002307202601
040502002309202601
040503001001202601
040503001007202601
040503001009202601
040503002901202601
040503002907202601
040503002909202601
040503007001202601
040503007007202601
040503007009202601
040503009601202601
040503009607202601
040503009609202601
040503011801202601
040503011807202601
040503011809202601
040503013401202601
040503013407202601
040503013409202601
040503014201202601
040503014207202601
040503014209202601
040503016901202601
040503016907202601
040503016909202601
040503017701202601
040503017707202601
040503017709202601
040503018501202601
040503018507202601
040503019301202601
040503019307202601
040503020701202601
040503020707202601
040503020709202601
040504001601202601
040504001607202601
040504001609202601
040504002401202601
040504002407202601
040504002409202601
040504004001202601
040504004007202601
040504004009202601
040504005901202601
040504005907202601
040504005909202601
040504006701202601
040504006707202601
040504006709202601
040504007501202601
040504007507202601
040504007509202601
040504008301202601
040504008307202601
040504008309202601
040504009101202601
040504009107202601
040504009109202601
040504010501202601
040504010507202601
040504010509202601
040504014801202601
040504014807202601
040504014809202601
040504015601202601
040504015607202601
040504015609202601
040504016401202601
040504016407202601
040504016409202601
040504018001202601
040504018007202601
040504020201202601
040504020207202601
040504020209202601
040504021001202601
040504021007202601
040504021009202601
040505001101202601
040505001107202601
040505001109202601
040505004601202601
040505004607202601
040505004609202601
040505005401202601
040505005407202601
040505005409202601
040505009701202601
040505009707202601
040505009709202601
040505010001202601
040505010007202601
040505010009202601
040505011901202601
040505011907202601
040505011909202601
040505013501202601
040505013507202601
040505013509202601
040505014301202601
040505014307202601
040505014309202601
040505015101202601
040505015107202601
040505015109202601
040505018601202601
040505018607202601
040505018609202601
040505021601202601
040505021607202601
040505021609202601
040505022401202601
040505022407202601
040505022409202601
040505023201202601
040505023207202601
040505023209202601
040505031301202601
040505031307202601
040505031309202601
040505032101202601
040505032107202601
040505032109202601
040505035601202601
040505035607202601
040505035609202601
040505037201202601
040505037207202601
040505037209202601
040505038001202601
040505038007202601
040505038009202601
040505039901202601
040505039907202601
040505039909202601
040505040201202601
040505040209202601
040601001301202601
040601001307202601
040601002101202601
040601003001202601
040601004801202601
040601005601202601
040601006401202601
040601007201202601
040601007207202601
040601008001202601
040601009901202601
040601010201202601
040601010207202601
040601011001202601
040601011007202601
040601013701202601
040601013707202601
040601015301202601
040601015307202601
040601016101202601
040601017001202601
040601017007202601
040601018801202601
040601019601202601
040601019607202601
040601020001202601
040601020007202601
040601021801202601
040601021807202601
040601022601202601
040601022607202601
040601023401202601
040601024201202601
040601025001202601
040601025007202601
040601026901202601
040601026907202601
040601027701202601
040601027707202601
040601028501202601
040601028507202601
040601029301202601
040601030701202601
040601031501202601
040601032301202601
040601033101202601
040601033107202601
040601034001202601
040601035801202601
040601036601202601
040601036607202601
040601037401202601
040601037407202601
040601038201202601
040601039001202601
040601039007202601
040601040401202601
040601041201202601
040601041207202601
040601042001202601
040601042007202601
040601043901202601
040601044701202601
040601044707202601
040601045501202601
040601046301202601
040601046307202601
040601047101202601
040601047107202601
040601048001202601
040601049801202601
040601049807202601
040601050101202601
040601051001202601
040601051007202601
040601052801202601
040601052807202601
040601053601202601
040601054401202601
040601055201202601
040601056001202601
040601056007202601
040601056009202601
040601057901202601
040601058701202601
040601058709202601
040601059501202601
040601060901202601
040601061701202601
040601062501202601
040601063301202601
040601063309202601
040601064101202601
040601064107202601
040601064109202601
040601065001202601
040601065009202601
040601066801202601
040601066807202601
040601066809202601
040601067601202601
040601067607202601
040601067609202601
040601068401202601
040601068407202601
040601068409202601
040601069201202601
040601069207202601
040601070601202601
040601071401202601
040601071407202601
040601071409202601
040601073001202601
040601075701202601
040601075707202601
040601076501202601
040601076507202601
040601077301202601
040601077307202601
040601078101202601
040601078107202601
040601079001202601
040601079009202601
040601080301202601
040601080307202601
040601081101202601
040601082001202601
040601082007202601
040601083801202601
040601084601202601
040601085401202601
040601085409202601
040601086201202601
040601086209202601
040601087001202601
040601087009202601
040601088901202601
040601089701202601
040601090001202601
040601090007202601
040601091901202601
040601091907202601
040601091909202601
040601092701202601
040601093501202601
040601094301202601
040601095101202601
040601096001202601
040601096003202601
040601096007202601
040601097801202601
040601097803202601
040601097807202601
040601098601202601
040601099401202601
040601100101202601
040601100109202601
040601101001202601
040601101009202601
040601102801202601
040601102809202601
040601103601202601
040601103609202601
040601104401202601
040601104407202601
040601104409202601
040601105201202601
040601105209202601
040601107901202601
040601108701202601
040601108709202601
040601109501202601
040601109509202601
040601110901202601
040601110909202601
040601111701202601
040601111709202601
040601112501202601
040601112509202601
040601113301202601
040601113307202601
040601113309202601
040601114101202601
040601114109202601
040601115001202601
040601115007202601
040601115009202601
040601116801202601
040601116809202601
040601117601202601
040601117609202601
040601118401202601
040601118409202601
040601119201202601
040601119209202601
040601120601202601
040601121401202601
040601121407202601
040601122201202601
040601122207202601
040601123001202601
040601124901202601
040601125701202601
040601126501202601
040601126507202601
040601127301202601
040601127307202601
040601128101202601
040601128107202601
040601129001202601
040601129007202601
040601130301202601
040601130307202601
040601131101202601
040601131107202601
040601132001202601
040601132007202601
040601133801202601
040601133807202601
040601134601202601
040601134607202601
040601135401202601
040601135407202601
040601136201202601
040601136207202601
040601137001202601
040601137007202601
040601138901202601
040601138907202601
040601139701202601
040601139707202601
040601140001202601
040601140007202601
040601141901202601
040601141907202601
040601142701202601
040601142707202601
040601143501202601
040601143507202601
040601144301202601
040601144307202601
040601145101202601
040601145107202601
040601146001202601
040601146007202601
040601147801202601
040601147807202601
040601148601202601
040601148607202601
040601149401202601
040601149407202601
040601150801202601
040601150807202601
040601151601202601
040601151607202601
040602001901202601
040602001907202601
040602002701202601
040602002707202601
040602003501202601
040602003507202601
040602004301202601
040602004307202601
040602005101202601
040602005107202601
040602007801202601
040602007807202601
040602007809202601
040602010801202601
040602011601202601
040602011607202601
040602011609202601
040602012401202601
040602012407202601
040602015901202601
040602015907202601
040602015909202601
040602016701202601
040602016707202601
040602016709202601
040602019101202601
040602019107202601
040602021301202601
040602022101202601
040602023001202601
040602024801202601
040602024807202601
040602025601202601
040602025607202601
040602026401202601
040602026407202601
040602027201202601
040602027207202601
040602028001202601
040602028007202601
040602030201202601
040602030207202601
040602031001202601
040602031007202601
040602032901202601
040602032907202601
040602033701202601
040602033707202601
040602034501202601
040602034507202601
040602035301202601
040602035307202601
040602036101202601
040602036107202601
040602037001202601
040602037007202601
040602038801202601
040602038807202601
040602039601202601
040602039607202601
040602040001202601
040602040007202601
040602041801202601
040602041807202601
040602042601202601
040602042607202601
040602043401202601
040602043407202601
040602044201202601
040602044207202601
040602045001202601
040602046901202601
040602046907202601
040602047701202601
040602047707202601
040602048501202601
040602048507202601
040602049301202601
040602049307202601
040602050701202601
040602050707202601
040602051501202601
040602051507202601
040602052301202601
040602053101202601
040602053107202601
040602054001202601
040602054007202601
040602055801202601
040602055807202601
040602056601202601
040602056607202601
040602056609202601
040602057401202601
040602057407202601
040602057409202601
040602058201202601
040602058207202601
040602059001202601
040602059007202601
040602060401202601
040602060407202601
040602060409202601
040602062001202601
040602062003202601
040602062007202601
040602062009202601
040603001401202601
040603002201202601
040603003001202601
040603004901202601
040603005701202601
040603005707202601
040603006501202601
040603007301202601
040603008101202601
040603008107202601
040603009001202601
040603009007202601
040603010301202601
040603010307202601
040603011101202601
040603011107202601
040603012001202601
040603012007202601
040603013801202601
040603013807202601
040603014601202601
040603014607202601
040603015401202601
040603015407202601
040603016201202601
040604001001202601
040604001007202601
040604002801202601
040604002807202601
040604004401202601
040604004407202601
040604005201202601
040604005207202601
040604006001202601
040604006007202601
040604007901202601
040604007907202601
040604008701202601
040604009501202601
040604010901202601
040604010907202601
040604011701202601
040604011707202601
040604012501202601
040604012507202601
040604013301202601
040604014101202601
040604014107202601
040604015001202601
040604016801202601
040604017601202601
040604018401202601
040604019201202601
040604019207202601
040604020601202601
040604020607202601
040604020609202601
040604021401202601
040604021407202601
040604022201202601
040604022207202601
040604023001202601
040604023007202601
040604024901202601
040604024907202601
040604025701202601
040604025707202601
040604025709202601
040604026501202601
040604026507202601
040604027301202601
040604027307202601
040604027309202601
040604028101202601
040604029001202601
040604029007202601
040604029009202601
040604030301202601
040604030307202601
040604030309202601
040604031101202601
040604031107202601
040604031109202601
040604032001202601
040604032007202601
040604033801202601
040604033807202601
040605001501202601
040605001507202601
040605001509202601
040605002301202601
040605002307202601
040605002309202601
040605003101202601
040605003107202601
040605003109202601
040605004001202601
040605004007202601
040605004009202601
040605005801202601
040605005807202601
040605005809202601
040605006601202601
040605006607202601
040605006609202601
040605007401202601
040605007407202601
040605007409202601
040605008201202601
040605008207202601
040605008209202601
040605009001202601
040605009007202601
040605010401202601
040605010407202601
040605011201202601
040605012001202601
040605012007202601
040605012009202601
040605013901202601
040605013907202601
040605013909202601
040701001701202601
040701001707202601
040701003301202601
040701003307202601
040701004101202601
040701005001202601
040701005007202601
040701006801202601
040701006807202601
040701007601202601
040701008401202601
040701008407202601
040701009201202601
040701009207202601
040701010601202601
040701010607202601
040701011401202601
040701011407202601
040701012201202601
040701013001202601
040701014901202601
040701015701202601
040701015707202601
040701016501202601
040701016507202601
040701017301202601
040701018101202601
040701019001202601
040701019007202601
040701020301202601
040701020307202601
040701021101202601
040701021107202601
040701021109202601
040701022001202601
040701022007202601
040701022009202601
040701023801202601
040701023807202601
040701027001202601
040701027007202601
040701028901202601
040701029701202601
040701029707202601
040701030001202601
040701033501202601
040701033507202601
040701034301202601
040701034307202601
040701035101202601
040701035107202601
040701036001202601
040701037801202601
040701038601202601
040702001201202601
040702002001202601
040702003901202601
040702003907202601
040702004701202601
040702004707202601
040702006301202601
040702006307202601
040702007101202601
040702007107202601
040702008001202601
040702008007202601
040702009801202601
040702009807202601
040702010101202601
040702010107202601
040702011001202601
040702011007202601
040702011009202601
040702013601202601
040702013607202601
040702013609202601
040702014401202601
040702014407202601
040702014409202601
040702015201202601
040702015207202601
040702017901202601
040702017907202601
040702018701202601
040702018707202601
040702019501202601
040702019507202601
040702020901202601
040702020907202601
040702021701202601
040702021709202601
040702022501202601
040702022507202601
040702022509202601
040702023301202601
040702023307202601
040702024101202601
040702024107202601
040702025001202601
040702025007202601
040702026801202601
040702026807202601
040702026809202601
040702027601202601
040702027607202601
040702027609202601
040702028401202601
040702028407202601
040702028409202601
040702029201202601
040702029207202601
040702030601202601
040702030607202601
040702032201202601
040702032207202601
040702032209202601
040702033001202601
040702034901202601
040702035701202601
040702036501202601
040702036507202601
040702038101202601
040702038107202601
040702040301202601
040702040307202601
040702041101202601
040702041107202601
040702042001202601
040702042007202601
040702043801202601
040702043807202601
040702044601202601
040702044607202601
040702045401202601
040702045407202601
040702045409202601
040702046201202601
040702046207202601
040702047001202601
040702047007202601
040702047009202601
040703001801202601
040703001807202601
040703002601202601
040703002607202601
040703003401202601
040703003407202601
040703003409202601
040703004201202601
040703004207202601
040703005001202601
040703005007202601
040703006901202601
040703006907202601
040703007701202601
040703007707202601
040703007709202601
040703012301202601
040703012307202601
040703013101202601
040703013107202601
040703014001202601
040703014007202601
040703015801202601
040703015807202601
040703016601202601
040703016607202601
040703017401202601
040703017407202601
040703018201202601
040703018207202601
040703019001202601
040703019007202601
040703020401202601
040703021201202601
040703022001202601
040703024701202601
040703025501202601
040703025507202601
040704001301202601
040704001307202601
040704002101202601
040704002107202601
040704003001202601
040704003007202601
040704004801202601
040704004807202601
040704005601202601
040704005607202601
040704006401202601
040704006407202601
040704006409202601
040704007201202601
040704007207202601
040704007209202601
040704008001202601
040704008007202601
040704008009202601
040704009901202601
040704009907202601
040704009909202601
040704010201202601
040704010207202601
040704010209202601
040704011001202601
040704011007202601
040704011009202601
040704012901202601
040704012907202601
040704012909202601
040704013701202601
040704013707202601
040704013709202601
040704014501202601
040704014507202601
040704014509202601
040704015301202601
040704015307202601
040704015309202601
040704016101202601
040704016107202601
040704017001202601
040704017007202601
040704017009202601
040704018801202601
040704018807202601
040704020001202601
040704020007202601
040704022601202601
040704022607202601
040704022609202601
040704023401202601
040704023407202601
040704024201202601
040704024207202601
040704025001202601
040704025007202601
040704026901202601
040704026907202601
040801001001202601
040801001007202601
040801002901202601
040801002907202601
040801003701202601
040801003707202601
040801004501202601
040801005301202601
040801006101202601
040801007001202601
040801007007202601
040801008801202601
040801008807202601
040801009601202601
040801009607202601
040801009609202601
040801010001202601
040801010007202601
040801010009202601
040801011801202601
040801011807202601
040801011809202601
040801013401202601
040801013407202601
040801013409202601
040801014201202601
040801014207202601
040801014209202601
040801015001202601
040801015007202601
040801015009202601
040801016901202601
040801016907202601
040801017701202601
040801017707202601
040801018501202601
040801018507202601
040801018509202601
040801019301202601
040801019307202601
040801020701202601
040801020707202601
040801020709202601
040801021501202601
040801021509202601
040801022301202601
040801022307202601
040801022309202601
040801023101202601
040801023109202601
040802001601202601
040802001607202601
040802002401202601
040802002407202601
040802003201202601
040802003207202601
040802004001202601
040802005901202601
040802006701202601
040802007501202601
040802008301202601
040802009101202601
040802010501202601
040802010507202601
040802010509202601
040802011301202601
040802011307202601
040802012101202601
040802012107202601
040802012109202601
040802013001202601
040802013007202601
040802014801202601
040802014807202601
040802014809202601
040802015601202601
040802015607202601
040802016401202601
040802016407202601
040802016409202601
040802017201202601
040802017207202601
040802017209202601
040802018001202601
040802018007202601
040802018009202601
040802019901202601
040802019907202601
040802019909202601
040802020201202601
040802020207202601
040802020209202601
040802021001202601
040802021007202601
040802022901202601
040802022907202601
040802022909202601
040802024501202601
040802024507202601
040802024509202601
040802025301202601
040802025307202601
040802026101202601
040802026107202601
040802027001202601
040802027007202601
040802028801202601
040802028807202601
040802029601202601
040802029607202601
040802029609202601
040802030001202601
040802030007202601
040802030009202601
040802031801202601
040802031807202601
040802031809202601
040802032601202601
040802032607202601
040802032609202601
040802033401202601
040802033407202601
040802034201202601
040802034207202601
040802034209202601
040802035001202601
040802035007202601
040802036901202601
040802036907202601
040802037701202601
040802037707202601
040802037709202601
040802038501202601
040802038507202601
040802039301202601
040802039307202601
040802040701202601
040802040707202601
040802041501202601
040802041507202601
040802042301202601
040802042307202601
040802043101202601
040802043107202601
040802044001202601
040802044007202601
040802044009202601
040802045801202601
040802045807202601
040802046601202601
040802046607202601
040802047401202601
040802047407202601
040802047409202601
040802048201202601
040802048207202601
040802048209202601
040802049001202601
040802049007202601
040802049009202601
040802050401202601
040802050407202601
040802050409202601
040802051201202601
040802051207202601
040802051209202601
040802052001202601
040802052007202601
040802052009202601
040802053901202601
040802053907202601
040802053909202601
040802054701202601
040802054707202601
040802055501202601
040802055507202601
040802055509202601
040802056301202601
040802056307202601
040802057101202601
040802057107202601
040802058001202601
040802058007202601
040802059801202601
040802059807202601
040802059809202601
040802060101202601
040802060107202601
040802060109202601
040802061001202601
040802061007202601
040802061009202601
040802062801202601
040802062807202601
040802062809202601
040802063601202601
040802063607202601
040802063609202601
040802064401202601
040802064407202601
040802064409202601
040803001101202601
040803001107202601
040803002001202601
040803002007202601
040803003801202601
040803003807202601
040803004601202601
040803005401202601
040803005407202601
040803006201202601
040803006207202601
040803007001202601
040803007007202601
040803008901202601
040803008907202601
040803009701202601
040803009707202601
040803010001202601
040803010007202601
040803011901202601
040803011907202601
040803012701202601
040803012707202601
040803013501202601
040803014301202601
040803015101202601
040803016001202601
040803017801202601
040803017807202601
040803018601202601
040803019401202601
040803020801202601
040803021601202601
040803022401202601
040803023201202601
040803023207202601
040803024001202601
040803024007202601
040803025901202601
040803025907202601
040803026701202601
040803026707202601
040803027501202601
040803027507202601
040803028301202601
040803028307202601
040803029101202601
040803029107202601
040803030501202601
040803030507202601
040803031301202601
040803031307202601
040803032101202601
040803032107202601
040803033001202601
040803033007202601
040803034801202601
040803034807202601
040803035601202601
040803036401202601
040803036407202601
040803037201202601
040803037207202601
040803038001202601
040803038007202601
040803039901202601
040803039907202601
040803040201202601
040803040207202601
040803041001202601
040803041007202601
040803042901202601
040803042907202601
040803043701202601
040803043707202601
040803044501202601
040803044507202601
040803045301202601
040803045307202601
040803046101202601
040803046107202601
040803047001202601
040803047007202601
040803050001202601
040803050007202601
040803051801202601
040803051807202601
040803052601202601
040803052607202601
040803053401202601
040803053407202601
040803054201202601
040803054207202601
040803055001202601
040803055007202601
040803056901202601
040803056907202601
040803057701202601
040803057707202601
040803058501202601
040803058507202601
040803059301202601
040803059307202601
040803060701202601
040803060707202601
040803061501202601
040803061507202601
040803062301202601
040803062307202601
040803063101202601
040803063107202601
040803064001202601
040803064007202601
040803065801202601
040803065807202601
040803066601202601
040803066607202601
040803067401202601
040803067407202601
040803068201202601
040803068207202601
040803069001202601
040803069007202601
040803070401202601
040803071201202601
040803071207202601
040803072001202601
040803072007202601
040803073901202601
040803073907202601
040803074701202601
040803074707202601
040803075501202601
040803075507202601
040803075509202601
040803076301202601
040803076307202601
040803077101202601
040803077107202601
040803078001202601
040803079801202601
040803080101202601
040803080107202601
040803081001202601
040803081007202601
040803082801202601
040803082807202601
040803083601202601
040803083607202601
040803084401202601
040803084407202601
040803085201202601
040803085207202601
040803086001202601
040803086007202601
040803087901202601
040803087907202601
040803088701202601
040803088707202601
040803089501202601
040803089507202601
040803090901202601
040803090907202601
040803091701202601
040803091707202601
040804001701202601
040804001707202601
040804002501202601
040804002507202601
040804003301202601
040804003307202601
040804004101202601
040804004107202601
040804005001202601
040804006801202601
040804007601202601
040804008401202601
040804009201202601
040804010601202601
040804010607202601
040804011401202601
040804011407202601
040804012201202601
040804012207202601
040804013001202601
040804013007202601
040804014901202601
040804014907202601
040804015701202601
040804015707202601
040804016501202601
040804016507202601
040804017301202601
040804017307202601
040804018101202601
040804018107202601
040804018109202601
040804019001202601
040804019007202601
040804019009202601
040804020301202601
040804020307202601
040804022001202601
040804022007202601
040804023801202601
040804023807202601
040804024601202601
040804024607202601
040804025401202601
040804025407202601
040804026201202601
040804026207202601
040804027001202601
040804027007202601
040804028901202601
040804028907202601
040804029701202601
040804029707202601
040804030001202601
040804030007202601
040804031901202601
040804031907202601
040804032701202601
040804032707202601
040804033501202601
040804033507202601
040804034301202601
040804034307202601
040805001201202601
040805001207202601
040805002001202601
040805002007202601
040805003901202601
040805003907202601
040805004701202601
040805004707202601
040805005501202601
040805006301202601
040805007101202601
040805008001202601
040805008007202601
040805010101202601
040805010107202601
040805011001202601
040805011007202601
040805012801202601
040805012807202601
040805013601202601
040805013607202601
040805014401202601
040805014407202601
040805014409202601
040805015201202601
040805015207202601
040805016001202601
040805016007202601
040805016009202601
040805017901202601
040805017907202601
040805019501202601
040805019507202601
040805019509202601
040805020901202601
040805020907202601
040805020909202601
040805021701202601
040805021707202601
040805021709202601
040805022501202601
040805022507202601
040805022509202601
040805023301202601
040805023307202601
040805024101202601
040805024107202601
040805024109202601
040805025001202601
040805025007202601
040805025009202601
040805026801202601
040805026807202601
040805026809202601
040805027601202601
040805027607202601
040805027609202601
040805028401202601
040805028407202601
040805028409202601
040805029201202601
040805029207202601
040805029209202601
040805030601202601
040805030607202601
040805031401202601
040805031407202601
040805032201202601
040805032207202601
040805032209202601
040805033001202601
040805033007202601
040805034901202601
040805034907202601
040805034909202601
040805035701202601
040805035707202601
040805035709202601
040805036501202601
040805036507202601
040805037301202601
040805037307202601
040805037309202601
040805038101202601
040805038107202601
040805039001202601
040805039007202601
040805039009202601
040805040301202601
040805041101202601
040805041107202601
040805042001202601
040805042007202601
040805043801202601
040805043807202601
040805044601202601
040805044607202601
040805044609202601
040805045401202601
040805045407202601
040805046201202601
040805046207202601
040805047001202601
040805047007202601
040805048901202601
040805048907202601
040805049701202601
040805049707202601
040805050001202601
040805050007202601
040805051901202601
040805051907202601
040805052701202601
040805052707202601
040805053501202601
040805053507202601
040805054301202601
040805054307202601
040805055101202601
040805055107202601
040805056001202601
040805056007202601
040805057801202601
040805057807202601
040805058601202601
040805058607202601
040805059401202601
040805059407202601
040805060801202601
040805060807202601
040805061601202601
040805061607202601
040805062401202601
040805062407202601
040805063201202601
040805063207202601
040805064001202601
040805064007202601
040805064009202601
040805065901202601
040805065907202601
040805065909202601
040805066701202601
040805066709202601
040805067501202601
040805067507202601
040805068301202601
040805068307202601
040805069101202601
040805069107202601
040805069109202601
040805070501202601
040805070507202601
040805071301202601
040805071307202601
040805072101202601
040805072107202601
040805073001202601
040805073007202601
040805073009202601
040805074801202601
040805074807202601
040805074809202601
040805075601202601
040805075607202601
040805075609202601
040805076401202601
040805076407202601
040805076409202601
040805077201202601
040805077207202601
040805078001202601
040805078007202601
040805079901202601
040805079907202601
040805080201202601
040805080207202601
040805081001202601
040805081007202601
040805082901202601
040805082907202601
040805082909202601
040805083701202601
040805083707202601
040805084501202601
040805084507202601
040805085301202601
040805085307202601
040805086101202601
040805086107202601
040805087001202601
040805087007202601
040805088801202601
040805088807202601
040805088809202601
040805089601202601
040805089607202601
040805089609202601
040805090001202601
040805091801202601
040805091807202601
040805091809202601
040805092601202601
040805092607202601
040805092609202601
040806001801202601
040806001807202601
040806001809202601
040806002601202601
040806002607202601
040806003401202601
040806003407202601
040806004201202601
040806004207202601
040806004209202601
040806005001202601
040806005007202601
040806005009202601
040806006901202601
040806006907202601
040806007701202601
040806007707202601
040806008501202601
040806008507202601
040806008509202601
040806009301202601
040806009307202601
040806010701202601
040806010707202601
040806011501202601
040806011507202601
040806011509202601
040806012301202601
040806012307202601
040806012309202601
040806013101202601
040806013107202601
040806013109202601
040806014001202601
040806014007202601
040806014009202601
040806015801202601
040806015807202601
040806015809202601
040806016601202601
040806016607202601
040806017401202601
040806017407202601
040806018201202601
040806018207202601
040806019001202601
040806019007202601
040806020401202601
040806020407202601
040806020409202601
040806021201202601
040806021207202601
040806021209202601
040806023901202601
040806023907202601
040806024701202601
040806024707202601
040806025501202601
040806025507202601
040806026301202601
040806026307202601
040806027101202601
040806027107202601
040806028001202601
040806028007202601
040806029801202601
040806029807202601
040806029809202601
040806030101202601
040806030107202601
040806030109202601
040806031001202601
040806031007202601
040806031009202601
040806032801202601
040806032807202601
040806032809202601
040806033601202601
040806033607202601
040806033609202601
040806034401202601
040806034407202601
040806034409202601
040806035201202601
040806035207202601
040806035209202601
040806036001202601
040806036007202601
040806036009202601
040806037901202601
040806037907202601
040806037909202601
040806038701202601
040806038707202601
040806039501202601
040806039507202601
040806039509202601
040806040901202601
040806040907202601
040806040909202601
040806041701202601
040806041707202601
040806041709202601
040806042501202601
040806042507202601
040806042509202601
040806043301202601
040806043307202601
040806043309202601
040806044101202601
040806044107202601
040806044109202601
040806045001202601
040806045007202601
040806045009202601
040806046801202601
040806046807202601
040806046809202601
040806047601202601
040806047607202601
040806047609202601
040806048401202601
040806048407202601
040806048409202601
040806049201202601
040806049207202601
040806050601202601
040806050607202601
040806051401202601
040806051407202601
040806052201202601
040806052207202601
040806053001202601
040806053007202601
040806053009202601
040806054901202601
040806054907202601
040806054909202601
040806055701202601
040806055707202601
040806056501202601
040806056507202601
040806056509202601
040806057301202601
040806057307202601
040806057309202601
040806058101202601
040806058107202601
040806058109202601
040806059001202601
040806059007202601
040806060301202601
040806060307202601
040806060309202601
040806061101202601
040806062001202601
040806062007202601
040806063801202601
040806063807202601
040806063809202601
040806064601202601
040806064607202601
040806066201202601
040806066207202601
040806067001202601
040806067007202601
040806067009202601
040806069701202601
040806069707202601
040806070001202601
040806070007202601
040806070009202601
040901001401202601
040901001407202601
040901002201202601
040901002207202601
040901003001202601
040901003007202601
040901004901202601
040901004907202601
040901005701202601
040901005707202601
040901006501202601
040901006507202601
040901006509202601
040901007301202601
040901007307202601
040901008101202601
040901008107202601
040901009001202601
040901009007202601
040901009009202601
040901012001202601
040901012007202601
040901012009202601
040901013801202601
040901013807202601
040901014601202601
040901014607202601
040901014609202601
040901017001202601
040901017007202601
040901017009202601
040901018901202601
040901018907202601
040901019701202601
040901019707202601
040901020001202601
040901020007202601
040901021901202601
040901022701202601
040901022707202601
040901023501202601
040901023507202601
040901024301202601
040901024307202601
040901025101202601
040901025107202601
040901026001202601
040901026007202601
040901028601202601
040901028607202601
040901029401202601
040901029407202601
040901030801202601
040901030807202601
040901031601202601
040901031607202601
040901032401202601
040901032407202601
040901033201202601
040901033207202601
040901034001202601
040901034007202601
040901036701202601
040901036707202601
040901037501202601
040901037507202601
040901037509202601
040901038301202601
040901038307202601
040901038309202601
040901039101202601
040901039107202601
040901039109202601
040901040501202601
040901040507202601
040901041301202601
040901041307202601
040901043001202601
040901043007202601
040901043009202601
040901045601202601
040901045607202601
040901046401202601
040901046407202601
040901047201202601
040901047207202601
040901048001202601
040901048007202601
040901048009202601
040901049901202601
040901050201202601
040901050207202601
040901051001202601
040901051007202601
040901051009202601
040901052901202601
040901052907202601
040901053701202601
040901053707202601
040901054501202601
040901054507202601
040901055301202601
040901055307202601
040901056101202601
040901056107202601
040901057001202601
040901057007202601
040901058801202601
040901058807202601
040901059601202601
040901059607202601
040901059609202601
040902001001202601
040902001007202601
040902001009202601
040902002801202601
040902002807202601
040902002809202601
040902004401202601
040902004407202601
040902004409202601
040902005201202601
040902005207202601
040902007901202601
040902007907202601
040902007909202601
040902008701202601
040902008707202601
040902008709202601
040902009501202601
040902009507202601
040902009509202601
040902010901202601
040902010907202601
040902010909202601
040902012501202601
040902012507202601
040902012509202601
040902013301202601
040902013307202601
040902013309202601
040902014101202601
040902014107202601
040902014109202601
040902015001202601
040902015007202601
040902015009202601
040902016801202601
040902016807202601
040902016809202601
040902017601202601
040902017607202601
040902017609202601
040903001501202601
040903001509202601
040903002301202601
040903003101202601
040903004001202601
040904001001202601
040904001007202601
040904001009202601
040904003701202601
040904003707202601
040904003709202601
040904004501202601
040904004507202601
040904005301202601
040904005307202601
040904005309202601
040904007001202601
040904007007202601
040904007009202601
040904008801202601
040904008807202601
040904008809202601
040904009601202601
040904009607202601
040904009609202601
040904011801202601
040904011807202601
040904011809202601
040904012601202601
040904012607202601
040904012609202601
040904013401202601
040904013407202601
040904013409202601
040904014201202601
040904014209202601
040904015001202601
040904015007202601
040904015009202601
040904016901202601
040904016907202601
040904016909202601
040904017701202601
040904017707202601
040904017709202601
040904018501202601
040904018507202601
040904018509202601
040904019301202601
040904019307202601
040904019309202601
040904020701202601
040904020707202601
040904020709202601
040904021501202601
040904021507202601
040904021509202601
040904022301202601
040904022309202601
040904023101202601
040904023107202601
040904023109202601
040904024001202601
040904024009202601
040905001601202601
040905001607202601
040905002401202601
040905002407202601
040905002409202601
040905003201202601
040905003209202601
040905004001202601
040905004007202601
040905004009202601
040905007501202601
040905007507202601
040905007509202601
040905008301202601
040905008307202601
040905008309202601
040905009101202601
040905009107202601
040905009109202601
040905010501202601
040905010507202601
040905010509202601
040905011301202601
040905011307202601
040905011309202601
040905013001202601
040905014801202601
040905016401202601
040906001101202601
040906001102202601
040906001107202601
040906001109202601
040906002001202601
040906003801202601
040906003809202601
040906004601202601
040906004607202601
040906004609202601
040906005401202601
040906005402202601
040906005409202601
040906007001202601
040906007002202601
040906007009202601
040906010001202601
040906010007202601
040906011901202601
040906011907202601
040906012701202601
040906012707202601
040906013501202601
040906013507202601
040906014301202601
040906014307202601
040906015101202601
040906015107202601
040906016001202601
040906016007202601
040906017801202601
040906017807202601
040906017809202601
040906018601202601
040906018609202601
040906019401202601
040906019407202601
040906019409202601
040906020801202601
040906020807202601
040906020809202601
040906021601202601
040906021607202601
040906021609202601
040906022401202601
040906022407202601
040906022409202601
040906023201202601
040906023202202601
040906023207202601
040906023209202601
040906024001202601
040906024002202601
040906024007202601
040906024009202601
040906025901202601
040906025902202601
040906025907202601
040906025909202601
040906026701202601
040906026702202601
040906026707202601
040906026709202601
040906027501202601
040906027507202601
040906027509202601
040906028301202601
040906028307202601
040906029101202601
040906031301202601
040906031302202601
040907001701202601
040907001709202601
040907002501202601
040907002509202601
040907003301202601
040907003309202601
040907004101202601
040907004109202601
040907005001202601
040907006801202601
040907006809202601
040907007601202601
040907007609202601
040907008401202601
040907008409202601
040907009201202601
040907009207202601
040907009209202601
040907010601202601
040907010607202601
040907010609202601
040907011401202601
040907011407202601
040907013001202601
040907013007202601
040907013009202601
040907014901202601
040907014907202601
040907014909202601
040907015701202601
040907015707202601
040907015709202601
040907019001202601
040907019009202601
040907020301202601
040907021101202601
040907021107202601
040907022001202601
040907022007202601
040907022009202601
040907023801202601
040907023807202601
040907024601202601
040907024607202601
040907025401202601
040907025407202601
040907026201202601
040907026207202601
040907026209202601
040907027001202601
040907027009202601
040907028901202601
040907028907202601
040907028909202601
040907029701202601
040907030001202601
040907030009202601
040907031901202601
041001001401202601
041001001407202601
041001001409202601
041001005701202601
041001006501202601
041001006507202601
041001006509202601
041001007301202601
041001007307202601
041001007309202601
041001008101202601
041001008107202601
041001008109202601
041001009001202601
041001009009202601
041001011101202601
041001011107202601
041001011109202601
041001012001202601
041001012007202601
041001013801202601
041001014601202601
041001015401202601
041001016201202601
041001019701202601
041001020001202601
041001021901202601
041101001801202601
041101001802202601
041101001809202601
041101002601202601
041101002602202601
041101003401202601
041101003402202601
041101004201202601
041101004202202601
041101005001202601
041101005002202601
041101005009202601
041101007701202601
041101007702202601
041101007709202601
041101008501202601
041101008502202601
041102001301202601
041102001302202601
041102001309202601
041102002101202601
041102002102202601
041102002109202601
041102003001202601
041102003002202601
041102004801202601
041102004802202601
041201001101202601
041201001107202601
041201002001202601
041201002007202601
041201003801202601
041201003807202601
041201003809202601
041201004601202601
041201004607202601
041201004609202601
041201007001202601
041201007007202601
041201008901202601
041201008907202601
041201009701202601
041201009707202601
041201010001202601
041201010007202601
041201011901202601
041201011907202601
041201013501202601
041201013507202601
041201014301202601
041201014307202601
041202001701202601
041202001707202601
041202002501202601
041202002507202601
041202003301202601
041202003307202601
041202005001202601
041202005007202601
041202006801202601
041202006807202601
041202007601202601
041202007607202601
041202008401202601
041202008407202601
041203001201202601
041203001207202601
041203004701202601
041203004707202601
041203008001202601
041203008007202601
041203009801202601
041203009807202601
041203009809202601
041203010101202601
041203010107202601
041203011001202601
041203011007202601
041204001801202601
041204001807202601
041204001809202601
041204002601202601
041204002607202601
041204003401202601
041204003407202601
041204004201202601
041204004207202601
041204005001202601
041204005007202601
041204006901202601
041204006907202601
041204008501202601
041204008507202601
041204008509202601
041204010701202601
041204010707202601
041204011501202601
041204011507202601
041204012301202601
041204012307202601
041204013101202601
041204013107202601
041204015801202601
041204015807202601
041204016601202601
041204016607202601
041204017401202601
041204017407202601
041204018201202601
041204018207202601
041204019001202601
041204019007202601
041204020401202601
041204020407202601
041204021201202601
041204021207202601
041204022001202601
041204022007202601
041204022009202601
041205001301202601
041205001307202601
041205003001202601
041205003007202601
041205004801202601
041205004807202601
041205006401202601
041205006407202601
041205007201202601
041205007207202601
041205008001202601
041205008007202601
041205010201202601
041205010207202601
041205011001202601
041205011007202601
041205013701202601
041205013707202601
041205014501202601
041205014507202601
041205015301202601
041205015307202601
041205016101202601
041205016107202601
041301001501202601
041301001507202601
041301006601202601
041301008201202601
041301008207202601
041301009001202601
041301009007202601
041303001601202601
041303001607202601
041303001609202601
041303002401202601
041303002407202601
041303002409202601
041303003201202601
041303003209202601
041303005901202601
041303005907202601
041303005909202601
041303006701202601
041303006709202601
041303007501202601
041303007509202601
041303008301202601
041303008307202601
041303008309202601
041304002001202601
041304002007202601
041304003801202601
041304004601202601
041304005401202601
041304005409202601
041304006201202601
041304006209202601
041304007001202601
041304007009202601
041304008901202601
041304008909202601
041304009701202601
041304009707202601
041304010001202601
041304010007202601
041304011901202601
041304011907202601
041304011909202601
041304012701202601
041304012707202601
041304012709202601
041304013501202601
041304013507202601
041304013509202601
041304014301202601
041304014307202601
041304014309202601
041304015101202601
041304015107202601
041304015109202601
041304016001202601
041304016007202601
041304017801202601
041304017807202601
041304018601202601
041304018607202601
041304018609202601
041304019401202601
041304019407202601
041304019409202601
041304020801202601
041304020807202601
041304020809202601
041304021601202601
041304021607202601
041304021609202601
041304022401202601
041304022407202601
041304022409202601
041304023201202601
041304023207202601
041304023209202601
041304024001202601
041304024007202601
041304025901202601
041304025909202601
041304026701202601
041401002701202601
041401003501202601
041401025601202601
041401025607202601
041401025609202601
041401027201202601
041401027207202601
041401027209202601
041401032901202601
041401032907202601
041401032909202601
041401034501202601
041401034507202601
041401034509202601
041402002201202601
041402002203202601
041402002207202601
041402002209202601
041402003001202601
041402003003202601
041402003007202601
041402003009202601
041402004901202601
041402004903202601
041402004907202601
041402004909202601
041402005701202601
041402005703202601
041402005707202601
041402005709202601
041402006501202601
041402006503202601
041402006507202601
041402006509202601
041402007301202601
041402007303202601
041402007307202601
041402007309202601
041402008101202601
041402008103202601
041402008107202601
041402008109202601
041402009001202601
041402009003202601
041402009007202601
041402009009202601
041402014601202601
041402014603202601
041402014607202601
041402014609202601
041402015401202601
041402015403202601
041402015407202601
041402015409202601
041402016201202601
041402016203202601
041402016207202601
041402016209202601
041402020001202601
041402020003202601
041402020007202601
041402020009202601
041402021901202601
041402021903202601
041402021907202601
041402021909202601
041402024301202601
041402024303202601
041402024307202601
041402024309202601
041402027801202601
041402027803202601
041402027807202601
041402027809202601
041402029401202601
041402029403202601
041402029407202601
041402029409202601
041402036701202601
041402036703202601
041402036707202601
041402036709202601
041402037501202601
041402037503202601
041402037507202601
041402037509202601
041402041301202601
041402041303202601
041402041307202601
041402041309202601
041501001201202601
041501001207202601
041502001801202601
041502003401202601
041502003407202601
041502004201202601
041502004207202601
041502005001202601
041502005007202601
041502006901202601
041502006907202601
041502007701202601
041502007707202601
041502008501202601
041503001301202601
041503001307202601
041504002701202601
041504002707202601
041504003501202601
041504003507202601
041601001601202601
041601001607202601
041601002401202601
041601002407202601
041601004001202601
041601004007202601
041601007501202601
041601007507202601
041601009101202601
041601009107202601
041601011301202601
041601011307202601
041601011309202601
041601012101202601
041601013001202601
041601016401202601
041601016407202601
041601017201202601
041601017207202601
041601017209202601
041601018001202601
041601018007202601
041601019901202601
041601019907202601
041601020201202601
041601020207202601
041601021001202601
041601021007202601
041601022901202601
041601022907202601
041602002001202601
041602002007202601
041602015101202601
041602015107202601
041602016001202601
041602016007202601
041602017801202601
041602017807202601
041602017809202601
041602018601202601
041602018607202601
041602018609202601
041602019401202601
041602019407202601
041602020801202601
041602020807202601
041602021601202601
041602021607202601
041602021609202601
041602022401202601
041602022407202601
041602023201202601
041602023207202601
041602024001202601
041602024007202601
041602024009202601
041602025901202601
041602025907202601
041603002501202601
041603002507202601
041603002509202601
041603003301202601
041603003307202601
041603003309202601
041603004101202601
041603004107202601
041603004109202601
041603006801202601
041603006807202601
041603007601202601
041603008401202601
041603008407202601
041603009201202601
041603009207202601
041603014901202601
041603014907202601
041603014909202601
041603015701202601
041603015707202601
041603015709202601
041603016501202601
041603016507202601
041603017301202601
041603017307202601
041603018101202601
041603018107202601
041603019001202601
041603020301202601
041603020307202601
041603021101202601
041603021107202601
041603022001202601
041603022007202601
041603023801202601
041603023807202601
041603024601202601
041603024607202601
041603025401202601
041603026201202601
041603027001202601
041603027007202601
041603028901202601
041603029701202601
041603030001202601
041603030007202601
041603031901202601
041603031907202601
041603032701202601
041603032707202601
041603032709202601
041603033501202601
041603033507202601
041603033509202601
041603034301202601
041603034307202601
041603035101202601
041603035107202601
041603035109202601
041603036001202601
041603036007202601
041604001201202601
041604001207202601
041604002001202601
041604002007202601
041604003901202601
041604003907202601
041604004701202601
041604004707202601
041604005501202601
041604005507202601
041604007101202601
041604007107202601
041604010101202601
041604010107202601
041604011001202601
041604011007202601
041604012801202601
041604012807202601
041604014401202601
041604014407202601
041604017901202601
041604017909202601
041604018701202601
041604018709202601
041604019501202601
041604019509202601
041604020901202601
041604020907202601
041604021701202601
041604021707202601
041604022501202601
041604022507202601
041604023301202601
041604023307202601
041604024101202601
041604024107202601
041604025001202601
041604025007202601
041604026801202601
041604026807202601
041604027601202601
041604027607202601
041604028401202601
041604029201202601
041604030601202601
041604031401202601
041604031407202601
041604032201202601
041604032207202601
041604033001202601
041604033007202601
041604034901202601
041604034907202601
041605001801202601
041605001807202601
041605002601202601
041605002607202601
041605003401202601
041605003407202601
041605005001202601
041605005007202601
041605007701202601
041605007707202601
041605009301202601
041605009307202601
041605010701202601
041605010707202601
041605011501202601
041605011507202601
041605012301202601
041605012307202601
041606001301202601
041606001307202601
041606001309202601
041606002101202601
041606002107202601
041606003001202601
041606003007202601
041606005601202601
041606005607202601
041606006401202601
041606006407202601
041606008001202601
041606008007202601
041606009901202601
041606009907202601
041606010201202601
041606010207202601
041606011001202601
041606011007202601
041606012901202601
041606012907202601
041606013701202601
041606013707202601
041608001401202601
041608001407202601
041608001409202601
041608003001202601
041608003007202601
041608003009202601
041608008101202601
041608008107202601
041608009001202601
041608009007202601
041608011101202601
041608011107202601
041608012001202601
041608012007202601
041608012009202601
041609001001202601
041609001007202601
041609002801202601
041609002807202601
041609003601202601
041609003607202601
041609007901202601
041609007907202601
041609010901202601
041609010907202601
041609011701202601
041609011707202601
041609012501202601
041609012507202601
041609013301202601
041609013307202601
041611001001202601
041611001007202601
041611002901202601
041611002907202601
041611003701202601
041611003707202601
041611004501202601
041611004507202601
041611005301202601
041611005307202601
041611006101202601
041611006107202601
041611007001202601
041611007007202601
041611008801202601
041611008807202601
041612002401202601
041612003201202601
041612004001202601
041612004009202601
041612005901202601
041612005909202601
050103006901202601
050103006903202601
050103006907202601
050201001075202601
050201001076202601
050201001078202601
050201001079202601
050201002978202601
050201002979202601
050201002980202601
050201002981202601
050201002982202601
050301001401202601
050301001403202601
050301001475202601
050301001476202601
050301001478202601
050301001479202601
050301001480202601
050301001481202601
050301001482202601
050301002201202601
050301002275202601
050301002276202601
050301002278202601
050301002279202601
050301002280202601
050301002281202601
050301002282202601
050302001001202601
050302002801202601
050303001575202601
050303001576202601
050303001578202601
050303001579202601
050303001580202601
050303001581202601
050303001582202601
050303002301202601
050303002375202601
050303002376202601
050303002378202601
050303002379202601
050303002380202601
050303002381202601
050303002382202601
050303003101202601
050303003175202601
050303003176202601
050303003178202601
050303003179202601
050303003180202601
050303003181202601
050303003182202601
050303004001202601
050303004075202601
050303004076202601
050303004078202601
050303004080202601
050303004081202601
050303004082202601
050303005801202601
050303005875202601
050303005876202601
050303005878202601
050303005879202601
050303005880202601
050303005881202601
050303005882202601
050303006601202601
050303006675202601
050303006676202601
050303006678202601
050303006679202601
050303006680202601
050303006681202601
050303006682202601
050303007401202601
050303007475202601
050303007476202601
050303007478202601
050303007479202601
050303007480202601
050303007481202601
050303007482202601
050303008201202601
050303008275202601
050303008276202601
050303008278202601
050303008279202601
050303008280202601
050303008281202601
050303008282202601
050303009001202601
050303009075202601
050303009076202601
050303009078202601
050303009079202601
050303009080202601
050303009081202601
050303009082202601
050303010401202601
050303010475202601
050303010476202601
050303010478202601
050303010479202601
050303010480202601
050303010481202601
050303010482202601
050304004575202601
050304004576202601
050304004578202601
050304004579202601
050304004580202601
050304004581202601
050304004582202601
050501001103202601
050501001107202601
050501002003202601
050501002007202601
050501003803202601
050501003807202601
050501004603202601
050501004607202601
050501005403202601
050501005407202601
050501006203202601
050501006207202601
050501007003202601
050501007007202601
050501008903202601
050501008907202601
050501009701202601
050501009707202601
050501009709202601
050501012701202601
050501012707202601
050501012709202601
050501013501202601
050501013507202601
050501013509202601
050501014309202601
050502004101202601
050502004107202601
050502005001202601
050502005007202601
050502006801202601
050502007601202601
050502008401202601
050502009201202601
050502010601202601
050502012201202601
050502014901202601
050602001012202601
050602002912202601
050602003712202601
050602004503202601
050602004507202601
050602004509202601
050602004512202601
050602005301202601
050602005303202601
050602005307202601
050602006101202601
050602006103202601
050602006107202601
050602007001202601
050602007003202601
050602007007202601
050602009601202601
050602009603202601
050602009607202601
050602010001202601
050602010003202601
050602010007202601
050602011801202601
050602011803202601
050602011807202601
050602013401202601
050602013403202601
050602013407202601
070209005001202601
070209005007202601
070209006901202601
070209006907202601
080201006765202601
080201007579202601
080201008375202601
080201009176202601
080201011383202601
080201012181202601
080201013082202601
080201015678202601
080201016480202601
080201021085202601
080201022986202601
080201023792202601
080201024593202601
080201025387202601
080201026187202601
080201027087202601
080201028894202601
080201032696202601
080201036995202601
